simple
0
bank
0 444 1302 1349
system
0 79 396 589 749 1745
the
1 2 16 27 34 34 36 42 43 50 54 58 63 82 93 97 100 102 102 105 119 139 154 167 168 191 203 204 206 208 212 229 231 233 241 257 261 265 291 296 297 297 310 311 335 353 360 367 368 370 395 425 425 437 455 460 463 510 534 541 552 578 581 581 597 611 620 624 625 651 688 696 710 712 712 722 734 743 751 771 773 780 785 835 844 852 863 875 880 888 897 897 936 950 959 974 999 1000 1003 1018 1038 1043 1054 1055 1059 1062 1066 1069 1070 1071 1089 1096 1114 1119 1127 1131 1155 1159 1161 1161 1162 1199 1200 1203 1223 1235 1238 1248 1248 1273 1283 1298 1299 1304 1305 1308 1312 1313 1319 1322 1341 1358 1374 1375 1377 1427 1428 1432 1436 1446 1460 1463 1473 1479 1485 1514 1514 1523 1531 1553 1555 1556 1557 1566 1570 1579 1606 1615 1616 1619 1621 1630 1635 1648 1648 1658 1662 1675 1683 1698 1724 1732 1734 1746 1780
kth
1 2 101 151 403 425 524 547 657 866 888 1018 1027 1547 1584 1672 1708
factor
1 1365
of
1 3 4 8 11 13 16 16 18 23 27 28 29 33 34 38 55 58 67 71 86 90 92 93 96 102 110 119 124 125 132 145 146 160 165 172 175 186 193 196 202 206 207 212 212 213 214 224 228 235 239 240 241 245 250 250 251 254 256 259 265 279 283 306 307 308 310 312 316 327 331 332 336 343 345 346 349 351 351 360 365 368 368 370 371 373 375 379 393 394 397 398 398 403 405 407 411 417 431 433 436 437 439 446 451 455 457 464 468 469 474 492 495 502 505 507 515 517 523 525 527 531 534 536 539 552 555 568 568 568 570 571 574 582 593 597 597 600 605 608 612 617 621 623 625 627 630 639 653 656 667 672 675 679 682 686 688 690 695 698 699 703 707 709 712 715 717 721 724 726 728 736 740 743 748 763 768 773 773 780 787 789 790 805 810 814 816 822 825 827 832 833 841 844 845 850 851 852 858 860 860 868 868 870 872 872 873 883 888 891 894 897 903 907 912 915 919 925 926 933 934 944 947 958 959 969 975 982 983 995 996 998 1003 1003 1006 1011 1015 1022 1024 1026 1030 1031 1035 1036 1039 1043 1048 1050 1053 1057 1059 1060 1062 1065 1070 1071 1076 1077 1094 1095 1096 1097 1103 1104 1106 1111 1128 1130 1139 1141 1142 1144 1147 1150 1159 1161 1163 1164 1166 1173 1174 1175 1176 1184 1189 1196 1196 1200 1203 1204 1204 1205 1205 1215 1222 1232 1235 1244 1244 1259 1260 1261 1278 1280 1281 1281 1287 1287 1293 1294 1295 1297 1298 1298 1307 1308 1312 1313 1316 1321 1323 1329 1335 1340 1344 1348 1349 1354 1358 1358 1371 1375 1377 1380 1386 1388 1392 1393 1395 1396 1397 1404 1406 1410 1415 1420 1424 1426 1427 1439 1441 1442 1446 1448 1453 1455 1460 1473 1479 1483 1487 1488 1492 1493 1494 1499 1499 1504 1516 1519 1525 1536 1537 1554 1555 1556 1559 1570 1571 1571 1578 1579 1581 1584 1585 1588 1592 1602 1603 1610 1613 1621 1626 1629 1630 1632 1637 1639 1643 1643 1645 1648 1654 1658 1664 1669 1670 1671 1674 1675 1679 1679 1680 1682 1683 1694 1696 1699 1701 1714 1720 1721 1727 1733 1733 1736 1738 1741 1747 1755 1755 1756 1757 1759 1760 1760 1763 1764 1765 1776 1778 1784 1788 1790 1793 1807 1809 1809 1811
n
1 329 482 654 684 969 1194 1298 1306 1610 1626 1661
minimum
2 5 26 36 37 40 49 55 78 82 90 92 106 120 148 160 185 205 206 214 221 224 233 239 251 252 254 263 275 290 298 316 331 362 366 373 375 379 390 394 404 411 456 461 472 477 503 507 523 533 549 575 582 594 601 621 630 662 674 690 707 722 731 734 751 752 776 791 814 830 841 865 873 887 917 948 969 977 990 1000 1001 1014 1023 1025 1029 1030 1032 1062 1073 1084 1100 1111 1120 1127 1131 1134 1138 1151 1153 1166 1173 1174 1186 1198 1202 1234 1235 1260 1261 1270 1275 1280 1288 1297 1299 1301 1311 1325 1326 1328 1360 1364 1377 1398 1401 1417 1426 1430 1433 1454 1460 1506 1508 1544 1562 1569 1570 1573 1575 1583 1586 1590 1594 1602 1613 1635 1638 1660 1662 1683 1695 1702 1705 1720 1737 1739 1756 1763 1775 1776 1820
adjacent
2 37 197 620 735 1549 1705
swaps
2 37 206 221 429 1352 1377 1508 1590 1705 1739
to
2 5 22 26 36 38 47 49 52 54 55 72 78 82 87 89 90 92 106 108 113 118 124 135 141 148 148 155 160 162 169 176 185 198 206 214 221 224 224 229 230 233 239 248 251 252 253 254 255 263 271 298 307 312 324 327 337 365 373 375 376 394 404 415 419 419 422 435 446 472 477 483 490 505 507 507 515 523 531 536 549 568 575 578 581 594 594 601 604 605 613 625 630 662 674 696 696 710 722 722 731 734 756 770 776 791 792 792 805 813 821 822 841 865 865 870 873 873 881 887 891 901 903 912 912 928 932 933 933 948 948 956 963 964 969 977 981 990 993 1000 1001 1004 1011 1011 1014 1022 1022 1025 1030 1032 1042 1048 1062 1070 1073 1084 1098 1104 1110 1111 1116 1121 1124 1127 1138 1144 1145 1149 1151 1153 1173 1186 1194 1198 1202 1203 1212 1229 1234 1235 1250 1251 1252 1266 1268 1288 1297 1303 1311 1318 1319 1333 1357 1364 1377 1394 1398 1401 1417 1430 1433 1435 1445 1446 1454 1499 1504 1506 1508 1529 1573 1576 1580 1586 1590 1602 1603 1608 1609 1617 1626 1646 1646 1654 1655 1660 1662 1662 1670 1679 1683 1686 1690 1696 1698 1703 1720 1725 1739 1759 1761 1763 1784 1811 1820
reach
2 90 106 157 977 1282 1417 1504
smallest
2 27 102 116 134 149 151 220 243 429 433 450 518 573 603 657 755 888 985 1027 1066 1136 1193 1271 1307 1396 1429 1507 1547 1584 1614 1615 1630 1698 1737 1773 1819
number
2 8 13 27 34 38 42 60 61 78 90 92 93 102 121 145 146 160 169 172 175 196 198 206 207 214 220 224 228 239 241 250 251 259 261 279 307 312 327 336 339 345 349 351 360 371 375 393 394 437 446 487 495 502 505 507 523 525 531 536 539 552 568 568 570 574 582 593 596 605 623 625 630 636 653 667 672 673 679 686 691 707 721 728 736 750 753 763 780 787 790 807 822 827 833 834 841 851 858 860 866 868 870 873 880 884 891 903 912 913 914 915 925 928 933 933 934 944 969 983 994 1003 1006 1011 1021 1022 1022 1030 1035 1036 1048 1059 1060 1062 1065 1067 1095 1111 1139 1141 1144 1154 1161 1163 1164 1173 1174 1176 1184 1200 1201 1204 1221 1222 1232 1240 1244 1255 1260 1261 1280 1282 1287 1293 1294 1308 1312 1313 1321 1329 1349 1352 1354 1371 1377 1378 1380 1392 1424 1426 1446 1453 1460 1462 1479 1499 1504 1516 1547 1554 1555 1571 1580 1581 1597 1603 1621 1626 1629 1632 1637 1645 1647 1658 1664 1670 1671 1679 1680 1682 1683 1696 1701 1720 1723 1736 1741 1749 1756 1759 1763 1764 1778 1779 1784 1804 1807 1809 1819
array
3 26 36 47 49 53 54 57 80 87 104 107 126 127 132 140 159 164 168 181 185 187 205 229 231 233 239 240 257 283 299 301 310 335 350 361 361 367 368 370 389 397 422 425 438 469 477 478 496 509 524 527 530 562 585 588 604 620 639 652 655 675 698 705 717 723 734 737 779 784 792 805 807 850 874 892 894 912 927 935 937 938 958 1000 1049 1052 1064 1075 1077 1092 1096 1107 1114 1116 1117 1121 1149 1172 1173 1187 1198 1199 1202 1223 1265 1281 1295 1295 1309 1311 1318 1319 1325 1333 1335 1340 1350 1358 1385 1403 1425 1425 1427 1428 1449 1473 1488 1498 1519 1522 1528 1538 1553 1557 1570 1573 1577 1579 1586 1591 1602 1651 1654 1660 1670 1692 1699 1711 1717 1725 1740 1740 1746 1757 1767 1769 1770 1781 1798 1807 1814
doubled
3 361
pairs
3 59 86 127 193 250 259 265 447 478 530 585 614 620 656 721 728 1118 1133 1184 1187 1271 1308 1309 1386 1431 1453 1499 1620 1664 1675 1717 1741
bitwise
4 108 193 202 324 627 1246 1507
ors
4
subarrays
4 28 156 327 457 470 700 724 772 858 1048 1173 1216 1293 1295 1312 1339 1356 1507 1555 1629 1725
cuts
5 1196
divide
5 42 530 894 1144 1174 1439 1483 1589 1621
a
5 17 42 55 59 71 84 92 101 102 109 123 124 151 159 169 189 191 200 208 212 222 232 232 240 251 252 256 276 280 287 289 290 298 302 304 306 312 312 316 322 336 337 354 396 403 404 407 410 419 431 435 437 447 448 459 466 468 481 505 507 509 515 515 521 525 534 536 548 560 572 594 598 604 616 621 622 641 660 672 675 688 701 702 703 703 703 709 714 723 726 752 758 763 766 768 771 818 825 827 832 833 843 865 868 869 870 883 888 891 895 933 948 956 962 975 984 995 995 1003 1015 1020 1022 1025 1027 1058 1065 1066 1067 1067 1084 1087 1088 1094 1096 1103 1126 1142 1144 1166 1166 1173 1191 1196 1199 1204 1205 1205 1205 1210 1234 1234 1239 1244 1251 1261 1276 1282 1287 1307 1322 1335 1349 1359 1367 1383 1388 1398 1404 1406 1407 1407 1409 1410 1420 1427 1433 1434 1439 1448 1454 1456 1458 1477 1486 1490 1504 1511 1521 1526 1536 1552 1571 1574 1580 1613 1642 1648 1652 1666 1667 1673 1675 1682 1698 1708 1710 1721 1729 1733 1736 1739 1740 1755 1755 1760 1767 1767 1783 1790 1796 1809
circle
5 817 1065 1210 1409
binary
6 35 46 129 155 156 169 192 196 206 218 222 224 234 251 256 280 290 306 314 322 328 359 365 382 412 413 414 431 462 499 512 535 587 601 688 697 761 775 788 797 809 811 812 825 832 846 883 910 922 933 957 973 988 1087 1097 1121 1150 1168 1191 1205 1230 1239 1249 1251 1263 1272 1276 1310 1344 1355 1378 1405 1420 1421 1427 1434 1440 1441 1442 1443 1445 1458 1484 1541 1582 1585 1604 1637 1657 1672 1683 1700 1703 1706 1708 1710 1715 1738 1739 1776 1788 1791 1796 1803
tree
6 39 46 62 84 155 234 251 256 280 290 322 328 365 382 403 404 413 431 434 499 505 512 532 535 555 567 587 644 670 697 701 758 775 788 797 811 812 825 832 846 883 910 922 963 965 973 1024 1097 1105 1121 1168 1191 1205 1205 1230 1239 1249 1276 1301 1310 1344 1355 1360 1394 1420 1421 1434 1440 1441 1442 1443 1445 1458 1484 1541 1582 1585 1604 1657 1700 1703 1706 1708 1710 1715 1738 1776 1788 1791 1803
level
6 251 256 697 1310
order
6 23 39 168 334 528 697 1195 1310 1420 1437 1695
traversal
6 234 697 775 794 811 1249 1310 1355 1420 1445 1706
replace
7 272 353 416 652 683 804 1436 1514 1609
elements
7 26 185 218 229 379 453 477 603 698 779 805 865 927 958 1053 1116 1238 1330 1390 1434 1488 1524 1524 1570 1575 1605 1711 1787
with
7 29 34 35 38 40 59 69 75 102 107 108 124 141 156 183 191 194 197 232 243 272 277 278 327 340 350 351 354 388 395 429 439 447 495 500 521 548 558 563 574 584 606 609 616 624 631 633 654 658 690 700 702 724 726 754 756 772 779 805 858 869 876 888 932 960 972 1019 1035 1039 1040 1042 1045 1048 1068 1074 1088 1092 1115 1131 1162 1184 1217 1224 1233 1246 1256 1262 1270 1271 1279 1280 1285 1293 1299 1300 1307 1313 1318 1321 1339 1356 1369 1378 1396 1417 1424 1427 1432 1436 1476 1477 1492 1499 1502 1507 1511 1524 1561 1572 1577 1578 1583 1615 1676 1677 1728 1740 1744 1775
greatest
7 332 579 808 850 1313
element
7 82 101 132 151 294 315 524 651 665 689 717 723 893 1027 1047 1075 1092 1137 1228 1277 1538 1556 1565 1692 1747
on
7 62 180 200 285 297 466 548 674 757 766 975 1065 1173 1186 1490 1652 1673 1705 1743
right
7 629 788 1397 1689 1810
side
7 124 788
maximum
8 17 18 75 80 93 124 147 166 175 184 235 236 256 260 265 285 296 305 326 345 382 393 395 418 419 432 439 457 458 466 468 499 517 519 526 533 536 560 561 566 572 597 612 623 624 637 642 668 672 679 699 706 719 724 726 737 743 751 763 766 773 778 789 801 802 845 858 868 901 907 914 915 923 951 958 960 983 988 1005 1006 1008 1015 1040 1043 1079 1089 1092 1094 1097 1103 1137 1139 1163 1164 1175 1196 1206 1214 1217 1222 1232 1245 1246 1278 1287 1293 1323 1329 1335 1340 1357 1375 1388 1390 1406 1421 1428 1442 1448 1475 1492 1505 1507 1509 1516 1526 1541 1566 1571 1610 1621 1645 1650 1669 1670 1674 1677 1713 1757 1767 1778 1779 1788 1795
achievable
8
transfer
8
requests
8 593 835
cut
9 252 557
off
9
trees
9 35 218 359 412 414 503 733 1263 1405
for
9 37 304 353 365 445 660 752 820 943 1146 1164 1199 1245 1275 1317 1336 1354 1594 1645 1734
golf
9
event
9
global
10
and
10 13 16 108 132 193 201 202 219 234 248 299 341 391 480 490 494 501 511 511 533 585 588 629 654 683 717 732 747 751 756 804 814 817 836 898 910 920 939 964 1012 1042 1046 1132 1133 1137 1177 1196 1208 1238 1242 1246 1249 1267 1273 1278 1315 1360 1391 1397 1491 1496 1524 1548 1558 1599 1624 1661 1679 1706 1737 1751 1757 1759 1761 1764
local
10 1359
inversions
10
root
11 993 1229 1680
equals
11 858 1592
sum
11 16 18 28 29 33 40 48 59 64 69 86 89 110 124 156 186 193 256 273 309 310 323 331 382 390 395 397 398 451 457 458 468 471 486 495 526 533 555 574 579 582 629 642 669 700 715 717 717 724 727 737 746 776 778 822 837 845 858 865 872 888 917 919 921 955 972 1040 1052 1053 1068 1077 1091 1102 1118 1128 1134 1180 1194 1200 1203 1215 1229 1243 1244 1262 1275 1280 1311 1326 1333 1348 1376 1388 1396 1402 1410 1421 1457 1460 1468 1475 1525 1537 1540 1552 1559 1580 1643 1654 1674 1676 1681 1687 1694 1702 1708 1757 1764 1765
children
11 901 1357
jump
12 98 226 473 537 634 671 1612
game
12 19 98 226 245 266 270 284 288 325 347 370 473 506 535 537 634 664 712 847 1082 1161 1171 1284 1472 1482 1533 1567 1593 1673 1731
ii
12 15 25 30 32 46 53 72 130 136 163 185 211 221 293 294 402 426 476 479 490 499 506 513 565 607 618 665 727 735 739 770 840 854 890 937 967 985 986 987 1023 1052 1056 1064 1078 1090 1108 1143 1183 1201 1208 1222 1240 1253 1263 1269 1290 1292 1302 1310 1316 1325 1326 1346 1366 1373 1384 1402 1412 1444 1461 1486 1586 1612 1625 1720 1749 1771 1792 1799 1810
even
13 110 235 291 315 501 532 671 796 996 1035 1068 1193 1413 1811
odd
13 28 501 521 532 574 616 671 681 796 859 1413 1738
bits
13 146 196 465 1378 1517 1658
sales
14 133 1051 1411
person
14 578 1124
word
15 24 50 67 68 298 575 613 703 703 741 790 806 882 1033 1175 1334 1366 1419 1464 1592 1636 1704 1727 1771
break
15 372 843 1419 1783
subtract
16
product
16 17 216 439 469 534 558 566 568 597 773 958 1051 1159 1175 1214 1281 1318 1323 1358 1395 1411 1442 1570 1584 1588 1667 1684
digits
16 42 186 272 367 427 452 582 725 754 820 932 1035 1129 1478 1705
an
16 18 57 87 107 148 181 283 299 301 344 367 368 370 524 527 562 585 681 698 704 705 717 807 853 908 958 1071 1077 1092 1182 1187 1198 1309 1335 1358 1473 1509 1519 1651 1652 1670 1699 1740 1746 1781 1814
integer
16 52 135 148 169 271 304 372 415 425 541 658 745 826 932 990 1104 1182 1203 1278 1278 1617 1705 1773 1814
non
17
negative
17 123 658 1278
in
17 23 34 46 80 81 84 88 101 103 123 132 134 137 151 168 169 181 186 189 196 205 208 218 231 232 241 280 287 289 290 291 299 301 310 316 323 335 360 364 367 378 379 386 404 410 413 425 444 447 448 459 462 493 509 511 512 524 525 528 544 555 560 562 578 583 585 587 598 604 616 623 641 652 672 681 701 703 714 723 735 737 742 749 758 771 790 800 804 806 807 808 809 827 846 879 885 894 895 922 923 933 958 962 984 993 995 1002 1020 1027 1044 1047 1049 1055 1064 1069 1075 1087 1105 1126 1142 1161 1166 1170 1187 1191 1195 1205 1230 1234 1261 1276 1309 1322 1325 1334 1335 1349 1359 1360 1379 1383 1385 1407 1409 1421 1423 1431 1434 1437 1446 1454 1456 1458 1509 1511 1521 1536 1538 1544 1547 1549 1557 1571 1585 1619 1622 1636 1648 1651 1652 1672 1682 1689 1692 1695 1708 1715 1736 1737 1746 1755 1767 1770 1781 1796 1807 1810 1814
matrix
17 43 48 115 123 151 153 208 210 222 224 224 317 323 354 448 462 616 778 783 888 911 939 1087 1347 1359 1444 1456 1486 1501 1543 1611 1666 1681 1721 1796
hourglass
18
stone
19 325 347 506 847 1082 1593
iii
19 94 98 133 230 267 406 487 542 691 871 911 961 964 1051 1231 1457 1550 1817 1821
image
20 595 704 1382
smoother
20
count
21 42 77 88 109 111 123 129 143 145 203 255 278 281 299 301 330 360 371 423 443 447 552 585 587 656 661 666 670 680 681 754 757 925 926 975 1010 1068 1074 1101 1110 1155 1162 1178 1184 1187 1210 1218 1227 1232 1254 1278 1296 1308 1312 1318 1339 1356 1367 1380 1386 1391 1392 1415 1490 1502 1524 1554 1555 1559 1595 1608 1623 1629 1680 1717 1733 1741 1751
increasing
21 36 39 164 258 650 708 1253 1390 1403 1435 1437 1456 1478 1508 1607 1671 1736
quadruplets
21 1254
lower
22 834 1201
case
22 764
longest
23 51 74 85 119 141 197 225 246 264 287 291 297 308 381 400 402 408 430 540 550 615 645 650 688 708 803 806 943 972 992 1041 1049 1140 1147 1167 1191 1246 1253 1334 1369 1456 1463 1494 1671 1735 1747 1781 1806 1812 1818
substring
23 83 119 225 291 308 353 357 366 400 528 624 645 688 838 943 1279 1287 1300 1369 1465 1571 1578 1806
all
23 28 71 90 193 218 221 227 253 262 272 278 306 368 404 412 477 553 627 696 698 735 736 813 873 887 919 995 1001 1029 1032 1055 1070 1074 1242 1252 1298 1322 1337 1361 1391 1427 1470 1470 1536 1557 1578 1595 1609 1615 1639 1643 1651 1655 1690 1715 1733 1811 1820
vowels
23 291 330 709 1571
search
24 39 65 155 218 280 314 322 359 512 812 836 883 1064 1121 1239 1263 1315 1366 1385 1443 1458 1458 1486 1657 1666 1710 1745
pascal's
25 244
triangle
25 244 475 867 884 889 1726
moves
26 106 137 185 394 549 630 651 948 1417 1737
equal
26 49 89 108 124 141 185 229 324 327 477 530 543 568 585 594 700 718 779 801 805 838 892 1036 1048 1070 1133 1164 1216 1252 1280 1415 1483 1499 1503 1573 1586 1590 1665 1679 1768
value
27 47 134 147 388 410 417 434 510 515 517 547 612 702 776 808 996 1100 1105 1106 1235 1279 1335 1396 1531 1553 1737 1767
rearranged
27
length
28 84 119 124 411 439 553 597 609 699 724 726 773 789 1147 1259 1298 1571 1727 1802
nodes
29 34 81 90 280 544 583 587 598 646 656 670 728 746 821 993 1115 1120 1162 1168 1361 1431 1599 1615 1621 1680 1715 1811
even-valued
29
grandparent
29
watering
30
plants
30
exchange
31
seats
31
bulb
32 383
switcher
32 383
max
33 118 200 237 376 437 770 903 1106 1182 1321 1395 1502 1793
rectangle
33 66 120 191 386 513 556 817 878 1023 1225 1374
no
33 351 1045 1640
larger
33
than
33 124 141 149 216 261 600 779 1598 1679 1692
k
33 37 38 69 76 89 113 127 137 186 208 216 306 323 327 395 472 478 517 540 553 566 603 651 686 724 760 772 814 818 829 860 894 901 989 997 1008 1048 1073 1159 1184 1212 1256 1259 1260 1262 1264 1270 1271 1330 1356 1369 1381 1397 1428 1439 1460 1504 1605 1679 1705 1715 1717 1746 1813
sub-tree
34
same
34 311 350 388 463 558 584 644 722 912 940 1003 1126 1224 1446
label
34
factors
35 1281 1396 1581
operations
36 49 62 87 92 107 148 160 229 239 251 255 324 375 417 461 477 531 734 873 997 1000 1030 1084 1136 1241 1270 1280 1300 1306 1311 1364 1392 1398 1586 1773 1795
make
36 49 54 72 118 160 167 176 206 214 229 230 239 263 324 375 394 477 483 531 594 601 696 718 734 770 792 892 981 990 1000 1014 1025 1036 1070 1084 1116 1151 1202 1216 1220 1252 1288 1318 1329 1364 1376 1377 1398 1401 1403 1430 1454 1465 1467 1508 1573 1586 1590 1602 1646 1660 1665 1683 1720 1763 1811
consecutive
37 237 246 333 481 746 894 1058 1073 1224 1243 1260 1329 1343 1474 1498 1580 1609
ones
37 75 219 237 278 511 600 1074 1150
ways
38 162 238 307 312 505 568 605 870 891 912 1011 1110 1144 1318 1373 1446 1504 1603 1608 1626 1670 1696 1725 1759 1809
rearrange
38 399 714 1149 1251 1711 1748
sticks
38 38
visible
38 345
split
40 54 103 180 235 350 437 483 784 870 891 1198 1383 1498 1725
multiply
41
strings
41 88 214 227 324 332 360 391 398 443 483 617 676 790 828 872 980 998 1057 1061 1252 1275 1298 1381 1383 1386 1499 1590 1608 1630 1665 1669 1720
that
42 77 111 217 236 297 311 460 521 593 658 679 790 822 932 996 1200 1205 1218 1222 1415 1479 1514 1580
sort
43 57 140 164 233 251 501 510 527 611 767 824 935 937 1018 1300 1304 1353 1387 1461 1471 1563 1658
diagonally
43
valid
44 60 249 263 508 563 769 782 840 857 874 884 916 939 974 1151 1199 1336 1354 1391 1407 1430 1454 1463 1568 1669 1682 1701 1729 1812
parentheses
44 162 810 816 1043 1098 1151 1430 1433 1545 1669 1729 1730 1812
scramble
45
string
45 52 116 137 160 167 181 206 220 231 258 263 289 302 306 312 353 358 405 411 429 435 437 446 459 498 521 525 549 580 591 601 604 675 688 709 726 735 755 761 766 804 824 827 839 843 843 859 870 891 902 906 962 981 988 1002 1019 1025 1058 1096 1136 1150 1167 1169 1179 1183 1219 1251 1256 1272 1290 1298 1300 1335 1342 1377 1383 1410 1432 1433 1435 1439 1526 1539 1549 1568 1617 1637 1646 1648 1665 1672 1675 1683 1693 1698 1700 1709 1724 1729 1733
cousins
46 1230
reverse
47 67 81 293 461 465 489 504 580 614 709 745 816 962 1086 1290 1392 1738 1764
subarray
47 69 76 141 184 216 390 407 408 432 439 458 526 706 760 789 792 1015 1040 1047 1214 1215 1246 1468 1525 1674 1694 1735 1747
maximize
47 313 349 651 827 1071 1124 1149 1306 1635 1699 1802
diagonal
48 648 742 1143
guess
50 834 1201
palindrome
51 74 121 190 394 483 529 607 609 640 840 861 915 916 1025 1231 1327 1381 1465 1620 1684 1783 1802
by
51 77 97 114 164 166 172 217 251 260 303 323 467 478 480 510 546 557 572 579 760 776 783 892 935 937 996 1018 1098 1129 1216 1295 1352 1353 1365 1376 1387 1447 1575 1601 1618 1630 1658 1711 1717 1796
concatenating
51 1295
two
51 58 99 214 218 228 292 298 303 309 313 331 346 483 568 597 621 682 743 773 821 838 947 958 998 1003 1034 1052 1128 1130 1148 1157 1158 1203 1216 1275 1297 1316 1333 1395 1405 1415 1466 1487 1489 1493 1520 1531 1552 1575 1584 1589 1592 1601 1640 1669 1676 1720 1819
letter
51 149 764 833 991 1004 1307 1367 1576
words
51 178 195 217 260 271 355 399 416 623 714 836 947 962 1076 1264 1354 1367 1466 1477 1551 1578 1592 1682
decrypt
52 391
from
52 53 125 163 204 220 234 253 302 305 313 361 385 438 481 517 536 603 620 637 646 668 746 755 875 927 951 1063 1079 1092 1182 1220 1249 1301 1328 1337 1397 1416 1465 1466 1516 1642 1700 1706 1782 1784 1795 1802 1803 1819
alphabet
52 1037
mapping
52
remove
53 125 163 171 204 385 438 463 646 710 735 746 903 1228 1430 1518 1545 1576 1631 1754 1762 1787 1820
duplicates
53 163 385 438 735 1351
sorted
53 72 104 118 123 132 151 155 160 163 176 205 230 240 385 438 443 588 723 770 792 888 989 1034 1052 1064 1121 1130 1215 1265 1325 1385 1584 1692
coprime
54
products
54 97 771 1177 1748
hours
55
training
55
win
55 313 1816
competition
55 763 1509
group
56 97 143 221 581 581 695 1110 1618
anagrams
56 1227
find
58 93 102 132 139 149 154 187 193 205 212 217 227 231 262 277 291 304 311 335 361 368 370 423 425 434 481 512 515 541 546 547 563 573 593 609 624 639 645 683 688 695 698 700 712 748 749 759 761 799 804 821 850 880 887 888 928 939 950 1035 1066 1077 1089 1096 1105 1194 1205 1271 1279 1325 1330 1337 1360 1428 1432 1434 1460 1463 1473 1514 1531 1553 1557 1565 1579 1580 1622 1639 1648 1651 1656 1672 1673 1676 1732 1742 1770 1782 1814
difference
58 139 265 362 379 456 511 533 572 717 814 859 1134 1182 1184 1238 1333 1390 1494 1544 1737
arrays
58 303 331 346 375 571 743 787 1130 1216 1280 1316 1333 1401 1415 1531 1584 1819
finding
59 1112 1341
certain
59
missing
61 134 866 1285 1742 1773 1786
predict
63
winner
63 370 712 1673
range
64 202 360 447 493 518 534 536 603 681 818 848 921 985 1180 1215 1322 1559 1588 1652 1765
query
64 791 921 1180 1245
-
64 921 1052 1180 1351 1552
immutable
64 921
insert
65 815 1093 1351 1710
position
65 132 660 722 945 1463 1504
area
66 96 120 474 513 1023 1196 1640 1726 1793
prefix
67 85 550 675 703 803 872 1149 1315 1477 1579
frequency
68 164 519 801 1353 1556 1576 1630 1766
shortest
69 154 183 190 462 604 606 741 792 956 1083 1099 1361 1511 1521 1690
at
69 102 329 336 553 605 944 1008 1150 1169 1186 1256 1369 1454 1463 1520 1667 1705 1767 1796
least
69 198 553 686 944 1369 1454 1520
pancake
70
sorting
70 1523
last
71 132 528 578 1159 1452 1528 1727 1784
moment
71
before
71 830 1470
ants
71
fall
71 1054
out
71 1487
plank
71
delete
72 176 230 641 702 795 808 815 981 1046 1275 1351 1599
columns
72 166 176 212 230 1164
sliding
73 1005 1668
puzzle
73 1072 1354
chunked
74
decomposition
74
row
75 511 584 808 939 1017 1105 1133 1242 1394
radius
76
averages
76 451 502
substrings
77 129 145 305 437 551 736 773 790 816 915 983 1002 1039 1256 1424 1643 1733 1768 1774
differ
77
one
77 254 277 308 467 633 851 933 1040 1126 1150 1247 1364 1394 1454 1665 1747 1796
character
77 308 459 943 956 1288 1397 1630
bit
78 1260 1364 1672
flips
78 224 594 1260 1569 1683
convert
78 137 155 169 224 549 963 1030 1121 1203 1425 1606 1740
design
79 144 188 269 282 396 440 545 589 606 823 836 908 953 1088 1515 1722 1800 1805
parking
79
get
80 189 296 637 776 912 1006 1073 1182 1447 1690 1768
generated
80
k-group
81
distance
82 102 298 352 480 573 604 956 971 1120 1124 1241 1289 1363 1406 1502 1531 1638 1715
target
82 106 149 168 253 312 495 515 604 822 858 932 948 1173 1238 1303 1417 1499 1577 1602 1654 1676 1687
xor
83 193 288 331 407 447 547 562 627 919 1070 1092 1197 1245 1415 1579
queries
83 84 110 280 407 548 909 1065 1132 1441 1516 1540 1588
cycle
84 287 1292 1521 1697
happy
85 596 1167 1298
floored
86
apply
87 324 482 1075
vowel
88 360 443 762
ranges
88 131 1110 1525
partition
89 405 422 449 738 1199 1256 1333 1670 1798
subsets
89 552 780 1059 1232 1464 1495 1625
vertices
90
rotate
91 496 576 595 1693
list
91 103 125 144 155 163 169 293 338 385 598 641 646 738 746 767 771 846 876 959 966 1086 1165 1274 1291 1292 1327 1388 1413 1471 1564 1697 1703 1760 1760 1787
reinitialize
92
permutation
92 330 514 548 633 649 764 809 845 931
marked
93
indices
93 262 501 1651
paint
94 1626
house
94 356 632 1108 1817
coin
95 987
change
95 254 899 987 988 1235
surface
96
3d
96 474
shapes
96 474
sold
97
date
97 659 1667
add
99 162 427 836 865 932 957 1080 1104 1151 1394 1489 1811
integers
99 235 481 510 525 536 638 686 772 1010 1068 1128 1194 1203 1262 1322 1364 1392 1580 1589 1658
employees
100 419 625 1285 1542 1598 1655
whose
100 323 1460 1760
manager
100 282 520
left
100 434 629 1397
company
100
largest
101 117 143 289 386 410 425 451 524 547 647 658 673 693 820 838 889 932 944 974 998 1063 1105 1189 1255 1338 1352 1359 1365 1476 1479 1684 1708 1726 1737
stream
101 481 1450 1782
city
102 376 599 696 1619 1635
neighbors
102 463 805
threshold
102 124 1066 1561 1679
linked
103 144 169 293 598 641 646 682 746 846 959 1086 1165 1274 1292 1327 1388 1413 1697 1703 1787
parts
103 1503
create
104 168 388 914 1803
through
104 806 1172
instructions
104 657 1536
pass
105 418
pillow
105
score
106 243 260 296 305 368 621 668 698 810 844 997 1015 1018 1089 1094 1149 1162 1299 1306 1321 1427 1526 1543 1575 1713 1728 1795
build
107 354 1428 1608
stack
107 392 519 1088 1209 1481
triples
108
zero
108 224 255 277 696 746 796 892 928 1022 1070 1194 1364
items
109 395 818 1181 1387
matching
109 181 401 424 570 1492
rule
109
numbers
110 123 202 209 249 261 329 409 448 493 543 568 611 652 681 754 757 894 895 926 946 996 1035 1148 1159 1224 1229 1242 1243 1323 1343 1348 1460 1489 1557 1602 1696
after
110 147 379 411 417 566 582 651 684 686 698 926 945 988 997 1008 1067 1136 1137 1196 1241 1306 1352 1367 1392 1396 1441 1446 1475 1488 1504 1526 1540 1543 1705 1707 1747 1773 1775
artifacts
111
can
111 137 157 217 236 460 637 679 783 843 951 1006 1182 1220 1222 1329 1415 1428 1452 1465 1479 1497 1636 1645 1665 1729 1743 1816
be
111 217 236 365 419 679 783 792 1222 1636 1729
extracted
111
counter
112
closest
113 280 319 363 420 493 515 821 928 1102 1124 1213 1330 1654
points
113 200 307 345 577 813 951 1029 1065 1210 1297 1509 1516 1640 1640
origin
113 1529
rank
114 793 930 1500 1519 1721
teams
114 1380 1483
votes
114
random
115 876 885 1233 1274 1409 1480 1572
flip
115 414 1164 1435 1445 1796
lexicographically
116 974 1136 1698
equivalent
116 414 1664
magic
117 364 687 707
square
117 124 568 782 1074 1268 1338 1348 1479 1628 1781 1790
chunks
118 770
alphabetical
119
continuous
119 141 239 708 1468
unique
122 172 178 359 384 437 459 653 686 726 754 761 1002 1053 1176 1194 1202 1263 1288 1436 1653 1733 1799 1821
paths
122 207 253 323 696 993 1131 1276 1321 1736 1784 1791 1799 1821
less
124 141 216
or
124 141 275 277 311 584 594 779 834 906 1126 1201 1259 1507 1679
nth
125 152 636 1028 1672
node
125 290 403 641 821 965 995 1094 1205 1274 1689 1728 1784 1810
end
125
decode
126 238 514 591 898 1373
xored
126 514
inverse
127
zigzag
128 697 922 1116 1191
conversion
128
4sum
130 886
summary
131 1302
first
132 231 459 554 1004 1055 1648 1784 1786
analysis
133 664 952 1051 1284 1411
genetic
134
each
134 172 371 546 625 791 808 816 873 1011 1075 1105 1146 1245 1354 1397 1463 1676 1689 1810
subtree
134 273 1441 1615
roman
135 415
redundant
136 1123
connection
136 1123
three
138 189 254 333 579 736 996 1039 1126 1156 1189 1244 1323 1393 1487 1503 1580 1725 1737
divisors
138 319 349 1688
relative
140 215
absolute
141 456 612 1041 1134 1184 1544 1674
diff
141
limit
141 180 194 316 781 1019
super
142 339 896 1600 1634
pow
142
homogenous
145
1
146 1658
insertion
147 1025 1471
reduce
148 933 1022 1107 1319
0
148
greater
149 294 689 779 893 963 1524 1647 1679
is
150 159 276 323 522 568 588 610 675 765 1052 1199 1244 1300 1407 1460 1552 1616 1637 1760
graph
150 287 410 468 583 606 748 903 995 1166 1521 1561 1622 1627
bipartite?
150
digit
152 289 329 572 582 717 851 1068 1091 1352 1410 1819
set
153 196 329 731 1520 1644
zeroes
153 219 619 978 1050
superstring
154
furthest
157
building
157 561 1510 1794
you
157 637 951 1006 1055 1182 1329 1428 1452 1645 1743
island
158 841 1574 1793
perimeter
158 889 1506
check
159 276 306 431 478 553 588 610 675 703 740 765 843 895 940 949 1150 1172 1199 1242 1244 1300 1322 1407 1470 1592 1616 1636 1661 1665 1729
if
159 276 306 463 478 553 588 610 675 703 740 765 843 895 902 1150 1157 1199 1242 1244 1300 1322 1407 1470 1592 1616 1622 1636 1661 1665 1729
it
159 276
good
159 207 227 262 285 301 587 653 666 721 728 891 1015 1059 1178 1312 1608 1614
lru
161
cache
161 194 1789
different
162 197 525 539 772 1011 1623
satisfiability
165
equality
165
equations
165
rows
166 208 888 1164
covered
166 171 1322
great
167 1095
given
168 187 304 312 329 336 422 581 702 820 821 865 939 1066 1200 1279 1337 1477 1494 1571 1580 1667 1733 1767
print
170 328 355 796 1195 1698
foobar
170
alternately
170 828
intervals
171 453 1174 1422 1450 1798
subjects
172
taught
172
teacher
172
truncate
173
sentence
173 406 484 703 714 895 1523 1616 1682
task
174 297 1384
scheduler
174 1384
robots
175
within
175 818 947 1768 1813
budget
175 1768
assign
177
cookies
177
morse
178
code
178 485
transpose
179 210
file
179 384 749 1041
message
180
based
180 285 1257
base
182 186 1614
7
182
path
183 197 382 462 560 606 621 701 917 922 942 955 992 1037 1041 1122 1191 1217 1326 1361 1402 1407 1454 1456 1511 1583 1622 1677 1690 1702 1796
alternating
183 206 601 734 1091 1378 1683
colors
183 1563
average
184 350 418 720 751 805 996 1112 1560 1585 1679
i
184 518 536 664 689 952 1081 1411 1534 1535 1542 1734 1816 1818
subset
187 647 919 1760
sums
187 189 379 718 760 939 1215 1271 1577
browser
188
history
188
biggest
189 1804
rhombus
189
grid
189 212 266 364 936 1044 1084 1234 1261 1407 1454 1511 1516 1532 1536 1626 1736 1739
tiling
191 1267
fewest
191
squares
191 240 364 564 694 1372
gap
192 802
time
194 248 336 337 362 365 373 404 490 546 575 662 674 720 731 756 781 820 887 964 977 1001 1014 1029 1030 1031 1042 1127 1129 1153 1186 1234 1248 1251 1257 1596 1610 1655 1761 1820
expressive
195
prime
196 242 450 493 640 742 856 1281 1396
representation
196 809 933
characters
197 217 254 272 400 433 521 726 736 838 920 981 1036 1039 1161 1163 1252 1353 1369 1474 1609 1646 1733
operators
198 1080
express
198
html
199
entity
199
parser
199 1801
line
200 276 295 860
cat
201 1208
mouse
201 1208
repetitions
203
sub-folders
204
filesystem
204
rotated
205 588 725 1064 1325 1385
weakest
208
lexicographical
209 528 1298
parallel
211 267
courses
211 267
width
212 326 1788
bag
213 316
tokens
213
steps
214 933 1008 1022 1025 1446 1504 1720
anagram
214 508 1720
ranks
215
formed
217 260
construct
220 234 974 1019 1249 1374 1381 1577 1700 1706
di
220 1219 1336
1's
221 553 1747
together
221 680
reconstruct
222 505 1400
2-row
222
duplicate
223 286 749 795 871 880 890 954 1656 1762
emails
223 795
palindromic
225 231 264 551 597 661 673 773 1021 1623 1754
v
226 325
days
228 680 684 841 969 1734 1763
between
228 399 453 511 533 544 621 717 768 814 816 838 940 1120 1158 1238 1289 1390 1406 1502 1531 1640 1737
dates
228
reduction
229
final
232 417 1235
prices
232
special
232 575 779 1010 1087 1160 1254 1272 1554
discount
232 482 690
shop
232 752
replacements
233
preorder
234 811 825 1445 1706
postorder
234 1249 1355
positive
235 304 439 658 776 866 1278 1786
enemy
236
forts
236
captured
236
orders
241 482 1142
backlog
241
arrangements
242
rotation
243 783
highest
243 492 692 814 818 950 1028 1162 1226 1427 1728
life
245
sequence
246 649 774 784 974 999 1094 1220 1336 1345
airplane
247
seat
247 520 630 1185
assignment
247
probability
247 1003 1170 1677
best
248 490 660 756 964 1042 1045 1761
buy
248 490 756 964 1042 1759 1761
sell
248 387 490 756 964 1042 1761
stock
248 342 490 756 964 1042 1204 1659 1761
phone
249 833
interchangeable
250
rectangles
250 371 885 1479
cost
252 472 624 690 722 731 813 941 1138 1198 1212 1213 1235 1297 1301 1401 1454 1573 1594 1662
stick
252
source
253
satisfy
254 1200
conditions
254 354 1740
obtain
255 951
recover
257 1657
original
257 361 1579
decreasing
258 1137
satisfying
259
inequality
259
letters
260 504 940 1113 1412 1762
how
261
many
261
are
261 463 478 553 895 902 996 1322
smaller
261 926 1524
current
261
additions
263
subsequence
264 381 402 430 433 471 522 540 650 708 715 929 972 1102 1140 1147 1253 1299 1307 1398 1494 1607 1646 1671 1695 1713 1818
minimize
265 590 710 737 743 897 986 1098 1197 1238 1241 1333 1340
filling
268
bookcase
268
shelves
268
hashset
269
24
270
english
271
most
273 315 329 584 593 631 643 701 807 835 1008 1020 1150 1236 1256 1556 1704 1705 1796
frequent
273 315 807 1264 1556 1605
movie
274
rating
274 396
impossible
275
straight
276
players
277 1273 1483 1492
losses
277
submatrices
278 467 822 1074
provinces
279
subdomain
281
visit
281 1234
authentication
282
degree
283 1166
baseball
284
people
285 581 1111 1250 1266 1304 1760
statements
285
contains
286 306 871 890 1242
chalkboard
288
second
289 290 977 1226
containing
291 371 736 1640 1820
counts
291 521 1766
combine
292
tables
292
next
294 689 893 931 1647 1689 1810
tenth
295
employee
297 516 546 625 1146 1436
worked
297
type
298 575
using
298 575 849 1126 1209 1362 1698 1718
fingers
298
hills
299
valleys
299
reformat
300 659 1724
department
300 692 1146 1156
table
300 1142 1547 1748
triplets
301 666 1303 1371 1415 1807
removing
302 305 668 707 1488
stars
302
merge
303 544 678 828 989 998 1034 1138 1181 1265 1303 1405 1422
2d
303 921 1044 1425 1486 1532 1666 1740
summing
303
values
303 616 1058 1063 1256 1301 1329 1359 1406 1601 1746
solution
304
equation
304 1038 1106
codes
306
size
306 390 581 695 1039 1050 1319 1365 1439 1520 1538 1679
earn
307 1046
repeating
308 400 1369 1609
beauty
310 1375 1643
nearest
311
point
311 371 765 885 1409
has
311 835 1150
x
311 779 779 1755
y
311
coordinate
311 547 960
form
312 865 932 1173 1295 1303 1415 1479 1819
dictionary
312 344 687 806 947 1334
segments
313 600 860 1070
balls
316 387 672 873 1003 1158
pyramid
317
transition
317
advantage
318
shuffle
318 705 1114 1179
function
320 515 576 1050 1602 1722
composition
320
knight
321 949 1170
dialer
321
trim
322
divisible
323 478 579 585 647 760 996 1376 1717
ramp
326
lcm
327
common
332 430 550 832 850 883 1099 1100 1365 1455 1581 1704
divisor
332 850 1066
odds
333
customers
334
who
334 835 1467
never
334
middle
335 959
index
335 509 799 1169 1480 1648 1767
students
336 829 844 1018 1548 1650
doing
336
homework
336
cross
337 1452
bridge
337 1083
flatten
338 1350 1703
nested
338 655 1350
iterator
338 445 711 812 1663
ugly
339 487 1462 1749
solving
340 844
questions
340
brainpower
340
loud
341
rich
341
online
342 421 1047
span
342
earliest
343 1273
possible
343 412 592 1337 1416 1595 1680 1705
day
343 455 852 1055 1452
full
343 412
bloom
343
verifying
344
alien
344
intersection
346 571 682 1316 1520
ix
347
fruit
348
into
348 437 530 784 1058 1174 1256 1333 1425 1439 1483 1498 1621 1710 1725 1740 1798
baskets
348
nice
349 408 1187 1629 1806
burgers
351
waste
351
ingredients
351
hamming
352 1241 1363
balanced
353 688 1377 1383 1440 1647
vertically
355
robber
356 632 1108 1817
iv
356 473 529 569 837 864 893 1284 1552 1593 1761
repeated
357 540 789 839 943 1259 1772
pattern
357 683 855 882 1259
similar
358 375 411 1181 1386
groups
358 436 617 763 1057 1174 1297 1387 1439 1621 1639 1778
room
363 1192
amount
365 373
infected
365
window
366 1005 1668
separate
367 1696
prefixes
368
contain
369
virus
369
collect
373 404 758 1506
garbage
373
bus
374 578 1289
routes
374 696 1595
increase
376
keep
376 903 1601
skyline
376 1119
candy
377 907 1389 1743
reorder
378 696 912 1564
data
378 481 836 1450 1782
log
378 1320
files
378
removal
379 1441
h-index
380 565
arithmetic
381 470 1072 1220 1371 1494
making
384 1574
names
384
histogram
386
diminishing-valued
387
colored
387 463 925
components
388 1165
monotonic
389
encrypt
391
min
392 813 941
balloons
393 523 1085
food
396 854 1142
running
397 1610
1d
397 1425
scores
398 793 814 872
built
398
spaces
399 435
without
400 906
regular
401
expression
401 612 622 713 844 1080 1098 1235
uncommon
402 1466 1818
ancestor
403 832 883 1455
apples
404 1139 1506
optimal
405
similarity
406
self
409 469 926 979
dividing
409
color
410 463 1790
directed
410 995
deleting
411 806 1747
ends
411
distribute
413 1266 1357
coins
413 517 758 1006
variable
417
performing
417 1795
ratio
418
invited
419
meeting
419 542 1186
3sum
420 500 1719
election
421
according
422 1686
pivot
422 541 799
followers
423
wildcard
424
basic
426 569 1753
calculator
426 569 606 716 1753
mirror
428
reflection
428
completeness
431
distinct
433 502 724 757 976 1003 1036 1039 1090 1281 1392 1774
bottom
434
adding
435 1098 1148 1367
positions
436 1087
large
436 1574 1642
bitset
440
champagne
441
tower
441
ipo
442
calculate
444 1160 1410
money
444 830 1357
leetcode
444
combination
445 669 727 837 1457
lines
446
write
446
lucky
448 1814
labels
449 1063
k-th
450 573 1298 1379
fraction
450 1145
sequential
452 798
identical
453
race
454 1127
car
454 488 968 1056
year
455 1505
3
457 1626
non-overlapping
457 858 860 885 915 983 1676
ascending
458 895
queens
460
attack
460
king
460
pieces
463
both
463
friends
464 835 1296 1447
appropriate
464
ages
464
units
466
truck
466
increment
467 1088 1202
star
468 748
except
469
constrained
471
hire
472 1212
workers
472 1212
projection
474
brace
476
expansion
476
n-queens
479 1188
filter
480 927
restaurants
480
vegan-friendly,
480
price
480 533 818 897 1560 1659 1667
every
482 1242
circular
484 526 604 712 809 868 953 1020 1515 1769
gray
485
deepest
486 1455 1615
leaves
486 702 1455
fleet
488 1056
evaluate
489 1109 1675
polish
489
notation
489
license
491
key
491 548 807 1438
formatting
491
map
492 1118
peak
492 509 1565
water
494 507 631 879 1332 1530
jug
494
problem
494 1119
dice
495 1785
rolls
495
daily
497
temperatures
497
interleaving
498
multiplicity
500
independently
501
height
503 561 1207 1441
only
504 1424
taps
507
open
507 1485
garden
507 1506
mountain
509 874 1049 1770
power
510 608 1026 1393 1493
zeros
511 544 560 600 954
column
511 584 677 939 1133 1154 1242
mode
512
mysterious
515
importance
516
piles
517
reservation
520
generate
521 1345 1409 1730
have
521 1055 1157
arrows
523
burst
523 1085
gcd
527 1048
partitioning
529 607 861 1231
network
531 960 984 1248 1500 1596
connected
531 1166
abbreviating
534
coloring
535
choose
536
freedom
538
trail
538
subsequences
539 570 597 653 661 827 905 976 1090 1200 1395 1498 1554 1623 1754 1802
gcds
539
times
540 1126 1259 1637 1701
rooms
542 732 1055
rational
543
skiplist
545
total
546 710 897 925 1212 1270 1363 1375 1401 1638
spent
546 680
square-free
552
places
553
away
553
bad
554 1741
version
554 946
distances
555 940 1537
maximal
556 997 1500 1628
regions
557 862
slashes
557
tuple
558
course
559 864 961 1463 1792
schedule
559 864 961 1613 1792
trailing
560 978
cornered
560
operation
562 856 1088
users
563 1341 1404 1491
e-mails
563
perfect
564 782 994 1225
increments
566 1173
symmetric
567
where
568 1054 1055 1273 1428 1452
multiple
571 1189 1193 1577
remapping
572
pair
573 699 737 816 1406
sub-arrays
574 1676 1679
typewriter
575
reaching
577
fit
578
they
581
belong
581
four
582 608 1688
splitting
582 1058 1526
reachable
583 765 1115
subdivided
583
stones
584 668 710 747 1138
removed
584 792
rising
586 879
temperature
586 1606
underground
589
malware
590 986
spread
590 986
bipartition
592
servers
593 1218 1362
handled
593
b
594
c
594
swapping
598
destination
599 605 977
longer
600
contiguous
600 1117
changes
601
dota2
602
senate
602
covering
603 1775
lists
603 682 989 1034
arrive
605 674 1186
fixed
609 1339
move
610 619 722 873 948
legal
610
jumbled
611
stickers
613
spell
613
well-performing
615
interval
615 681 791 966 1093
cells
616 684 925 1261 1652
special-equivalent
617
permutations
618 1336 1649
restore
620 1223 1513
cities
621 1502
parsing
622
boolean
622
found
623 1601
sentences
623 1466
which
625 1645
report
625 1662
debounce
626
pairings
627
profitable
628 701
schemes
628
differences
629 1224
everyone
630
container
631
previous
633
swap
633 719 943 1241 1389 1431 1549 1665 1716
vii
634
fizz
635
buzz
635
multithreaded
635
magical
636 1709
candies
637 690 901 1266 1313
boxes
637 1003 1510 1631
powerful
638
xor-beauty
639
k-concatenation
642
popular
643
video
643
creator
643
awesome
645
traverse
648 1143
topmost
651
non-coprime
652
egg
654 896
drop
654 896
2
654 1026 1135
eggs
654
floors
654
generator
655
exists
658 1622
its
658 1661 1764
service
660
centre
660
repair
662
cars
662 1820
top
663 829 1156 1264 1605
travellers
663
play
664 1284
majority
665 1047 1277
closed
667
islands
667 1060
complete
670 1001 1032 1153 1582
box
672 873 948 1686 1780
speed
674
k-similar
676
excel
677 1154 1652
sheet
677 1154 1652
title
677 1283
accounts
678
events
679 1157 1222
attended
679 1222 1404
prison
684
sudoku
685 857
solver
685
removals
686 1475
implement
687 849 1209 1527 1718
buying
690
single
691 723 1221 1240 1804
salary
692 751 751 1028 1226 1716
plus
693 1247
sign
693 1358 1711
falling
694 744 917 1326
latest
695 1069 1129 1273
m
695 1259 1763
lead
696
marking
698
chain
699
occurs
703
as
703 790 1416 1416 1450
any
703 845 1467 1674
flipping
704 1543 1731
min-product
706
beans
707
peeking
711
parse
713
lisp
713
widths
715
broken
716
k-subarray
718
waiting
720
chips
722
concatenated
726 1551
leaf
728 755 993 1229 1301
thousand
729
separator
729
rearranging
730 1137
fruits
730 1008
cooking
731
keys
732 1135 1690
leaf-similar
733
strange
739 1685
printer
739 1685
object
740
instance
740
class
740
completing
741
bricks
744
when
744 1248
hit
744
jewels
747
center
748
n-th
750
tribonacci
750
excluding
751
penalty
752
complex
753
multiplication
753 1547 1795
starting
755
transaction
756
fee
756
board
757 1037
eventual
759
safe
759 785
states
759
spellchecker
762
entering
763
deletions
766 1288 1660
angle
768
hands
768 1013
clock
768 1701
tic-tac-toe
769
state
769
ordered
771
period
771 1126
fancy
774 981
inorder
775 1249 1706
step
776 776
walking
777
robot
777 1529 1698
simulation
777 1785
beautiful
780 934 990 1078 1418 1449 1555 1660
promise
781
determine
783 902 1157 1790
whether
783
obtained
783 845 1367
fibonacci
784 913 1147 1345 1460
cracking
785
masking
786
personal
786
information
786 1285
squareful
787
view
788
appear
790 1004
include
791
snail
794
invert
797
destroy
798
targets
798
rabbits
800
forest
800 1599
uploaded
803
not
805 1408 1467 1760
following
807
connect
813 1297
lowest
814 832 883 1455
getrandom
815 1351
o(1)
815 1351
overlapping
817 1110
ranked
818
push
819
dominoes
819
twitter
823
custom
824
verify
825
serialization
825
replacement
826
reward
829
required
830 1131
transactions
830 1467 1535 1712
cherry
831 967
pickup
831 967 1391
combinations
833 1237
higher
834 1201
friend
835
ii:
835
structure
836
match
839 1219 1445
disconnect
841 1796
russian
842
doll
842
envelopes
842
another
843 1295 1760
math
844
viii
847
module
848
queue
849 953 1324
stacks
849 1414
week
852
defanging
853
ip
853 1513 1641
address
853 1641
immediate
854
delivery
854 1391
132
855
subtraction
856
sets
860 894
surrounded
862
escape
863
ghosts
863
judgement
867
darts
868
inside
868 1065 1210
dartboard
868
patients
869
condition
869 1200
take
875 1397
gifts
875
richest
875
pile
875
copy
876
pointer
876
sleep
877
overlap
878 1382
swim
879
transform
881 1075 1519 1721
chessboard
881 1170 1790
finish
887 1062 1127
jobs
887
subtracting
892
amounts
892
trips
897 1153 1491
encode
898
tinyurl
898
lemonade
899
restaurant
900 1142
growth
900
allocated
901
halves
902
alike
902
edges
903 1360 1811
fully
903
traversable
903
poor
904
pigs
904
non-decreasing
905 1522
aaa
906
bbb
906
tastiness
907
basket
907
atm
908
machine
908
subrectangle
909
serialize
910
deserialize
910
spiral
911 1347 1444
bst
912 963 1027 1120 1421 1544 1552 1765
shopping
918
offers
918
totals
919
1-bit
920
2-bit
920
labelled
922
profit
923 1103 1236
job
923 1613
scheduling
923
goat
924
latin
924
wiggle
929 1461
sequentially
930
ordinal
930
tracker
930
up
932 1194
partitions
934 1095
parity
935 937 1352
stamping
936 999
patching
938
climbing
941 1459
stairs
941 1459
crossing
942 979
twice
944 1004
others
944
frog
945 1612
t
945
seconds
945
compare
946 1539 1630
edits
947
their
948 1018 1598
location
948
tour
949
configuration
949
altitude
950
cards
951 1437 1755
market
952
quality
960 1132
intersections
966
pooling
968
eat
969 1743
oranges
969 1758
tallest
970
billboard
970
edit
971
limited
972
univalued
973
collisions
975 1490
monkeys
975
polygon
975
factorial
978 1050
buddy
980
human
982
traffic
982
stadium
982
critical
984 1360
connections
984
addition
990
tile
991
possibilities
991
univalue
992
insufficient
993
ancestors
995
acyclic
995
applying
997 1136
k-increasing
1000
tasks
1001 1032 1062 1362
wraparound
1002
having
1003
grumpy
1007
bookstore
1007
owner
1007
harvested
1008
memoize
1009 1346
wear
1011
hats
1011
other
1011
mice
1012
cheese
1012
couples
1013
holding
1013
rope
1014
colorful
1014
simplified
1016
fractions
1016
keyboard
1017 1135
repeat
1019
visited
1020 1261 1467
sector
1020
track
1020
strictly
1021 1403 1524
coprimes
1024
reordered
1026
visiting
1029 1361
exclusive
1031
functions
1031
rounds
1032 1273
ladder
1033 1771
solve
1038
deletion
1040
cooldown
1042
nesting
1043 1669
depth
1043 1097 1669 1776
detect
1044 1259 1372 1633
cycles
1044
team
1045 1429 1448
conflicts
1045
preimage
1050
input
1052 1552
will
1054 1514
ball
1054
been
1055
descending
1058
isomorphic
1061
work
1062 1236 1645
sessions
1062
double
1067 1661
reversal
1067
login
1069
2020
1069
confusion
1071
exam
1071 1192 1650
verbal
1072
recolors
1073
black
1073
blocks
1073
over
1075
short
1076
encoding
1076
triangular
1077
arrangement
1078 1418
earnings
1079
taxi
1079
my
1081 1269 1550
calendar
1081 1269 1550
uni-value
1084
divisibility
1089 1096
result
1098
supersequence
1099
primes
1101
operating
1103
centennial
1103
wheel
1103
array-form
1104
transformation
1107
division
1109
teach
1111
mk
1112
shifting
1113 1412
restrictions
1115
decrease
1116
simplify
1122
single-threaded
1125
cpu
1125
alert
1126
key-card
1126
more
1126 1259 1598 1692
hour
1126
replacing
1129 1396
hidden
1129 1155
median
1130 1356 1668 1782
weighted
1131
subgraph
1131
percentage
1132 1404
eaten
1139
ideal
1140
recent
1141
calls
1141 1602
display
1142
long
1144 1451
corridor
1144
recurring
1145
decimal
1145
primary
1146
negabinary
1148
segment
1150 1475
ransom
1152
note
1152
sequences
1155 1481 1508 1772
salaries
1156
conflict
1157
magnetic
1158
force
1158
bonus
1160
weak
1161
removable
1163
trio
1166
validate
1168 1443 1481 1641
decoded
1169
nim
1171
formation
1172
concatenation
1172 1499 1553 1578
lengths
1175
occurrences
1176 1287 1307 1707
recyclable
1177
low
1177
fat
1177
meals
1178
mutable
1180
changing
1182 1575
compression
1183
cinema
1185
allocation
1185
skips
1186
capital
1190 1633 1662
gain/loss
1190
piece
1196
cake
1196
horizontal
1196
vertical
1196 1420 1640
there
1199 1407
no-zero
1203
smooth
1204
descent
1204
periods
1204
corresponding
1205
clone
1205 1627
ice
1206
cream
1206
bars
1206
checker
1207
queues
1209
lattice
1210
asteroid
1211
collision
1211
dessert
1213
reversing
1216
gold
1217
communicate
1218
progression
1220
bitwise-or
1232
pick
1233 1480 1572
blacklist
1233
cell
1234
assigning
1236
chosen
1238
balance
1239 1433
powers
1244 1588
becomes
1248
idle
1248
boats
1250
save
1250
needed
1251 1655
redistribute
1252
key-value
1257
store
1257
throne
1258
inheritance
1258
append
1262 1646
minimal
1262
domino
1267 1664
tromino
1267
matchsticks
1268
space
1270 1328
wasted
1270 1328
resizing
1270
compete
1273
ascii
1275
pseudo-palindromic
1276
hash
1279
capitalize
1283
distant
1286
barcodes
1286
frequencies
1288
stops
1289 1756 1813
decompress
1291
run-length
1291
encoded
1291
bounded
1293 1767
atoms
1294
unhappy
1296
transformable
1300
account
1302
triplet
1303 1607
dining
1305
philosophers
1305
k-length
1307
fair
1308 1389
k-diff
1309
halve
1311
kids
1313
corporate
1314
flight
1314
bookings
1314
suffix
1315 1536 1569
available
1317
captures
1317
rook
1317
half
1319
crawler
1320
folder
1320
orderly
1324
packaging
1328
text
1331
justification
1331
bottles
1332
recipes
1337
supplies
1337
1-bordered
1338
bounds
1339
active
1341
minutes
1341
reorganize
1342
diameter
1344
laser
1349
beams
1349
deeply
1350
allowed
1351
pseudo-critical
1360
spanning
1360
process
1362
component
1365
koko
1368
eating
1368
bananas
1368
utf-8
1370
validation
1370
gardens
1375
p
1376
symbol
1379
grammar
1379
respecting
1387
dependencies
1387
twin
1388
options
1391
dot
1395
ambiguous
1399
coordinates
1399
itinerary
1400
unequal
1401 1807
contest
1404
boring
1408
movies
1408
dinner
1414
plate
1414
far
1416
land
1416
rotations
1417
put
1423
marbles
1423
bags
1423
1s
1424
frogs
1426
croaking
1426
divisions
1427
exactly
1428 1504
comparisons
1428
sufficient
1429
lcp
1432
insertions
1433
contaminated
1434
monotone
1435 1478
id
1436
identifier
1436
reveal
1437
slowest
1438
splitted
1442
stay
1446
place
1446 1497
some
1446 1488
watched
1447
videos
1447
your
1447 1743 1743
performance
1448
disjoint
1450 1798
pressed
1451
name
1451
still
1452
excellent
1453
obstacle
1463
customer
1467
but
1467
did
1467
gas
1469
station
1469
a's
1470
appears
1470
b's
1470
zuma
1472
k-sum
1473
submatrix
1476
rearrangements
1476
counting
1477 1517
new
1482
21
1482
skill
1483
pruning
1484
lock
1485
mean
1488
road
1490
trainers
1492
rings
1496
rods
1496
flowers
1497
toeplitz
1501
subtrees
1502 1656
population
1505
enough
1506
archery
1509
obstacles
1511
elimination
1511 1567
sqrt(x)
1512
addresses
1513 1653
student
1514
chalk
1514
deque
1515
comments
1518
trie
1527
(prefix
1527
tree)
1527
prototype
1528
return
1529 1599
trapping
1530
rain
1530
shift
1532
dungeon
1533
article
1534
views
1534
monthly
1535
execution
1536
staying
1536
n-repeated
1538
2n
1538
backspace
1539
handling
1540
update
1540
project
1542
invalid
1545 1712
flood
1546 1619
fill
1546
examinations
1548
lr
1549
lonely
1557
snakes
1558
ladders
1558
selling
1560
connectivity
1561
sideway
1562
jumps
1562
detonate
1566
bombs
1566
parenthesis
1568
non-zero
1570
weight
1572
equalize
1576
inserter
1582
effort
1583
levels
1585 1738
destroying
1587
asteroids
1587
snapshot
1591
summation
1592
tickets
1594
delay
1596
additive
1597
earning
1598
managers
1598
washing
1600
machines
1600
multiplying
1601
select
1603
buildings
1603
cameras
1604
?'s
1609
avoid
1609 1619
computers
1610
01
1611
difficulty
1613
pangram
1616
(atoi)
1617
bulls
1624
cows
1624

1626
music
1632
playlists
1632
palindromes
1634
powered
1635
placed
1636
crossword
1636
prefix-aligned
1637
traveled
1638
farmland
1639
widest
1640
statistics
1642
sample
1642
mismatch
1644
weeks
1645
numerically
1647
occurrence
1648
taking
1650
k-distant
1651
email
1653
mutated
1654
inform
1655
fluctuation
1659
exist
1661
fuel
1662
rle
1663
tic
1673
tac
1673
toe
1673
bracket
1675
pow(x,
1678
n)
1678
block
1681
categorize
1686
criteria
1686
populating
1689 1810
pointers
1689 1810
reducing
1691
dishes
1691
appearing
1692
25%
1692
minimums
1694
non-increasing
1695
greatness
1699
bigram
1707
hand
1714
straights
1714
rand10()
1718
rand7()
1718
cancellable
1722
complement
1723
edge
1728
card
1731
town
1732
judge
1732
user
1734
activity
1734
past
1734
30
1734
turbulent
1735
arrange
1739
observations
1742
favorite
1743 1743 1760
day?
1743
pizza
1744 1809
3n
1744
slices
1744
suggestions
1745
strongest
1746
allocate
1750
mailboxes
1750
say
1751
incremental
1752
memory
1752 1805
leak
1752
kind
1755
deck
1755
refueling
1756
rotting
1758
pens
1759
pencils
1759
companies
1760
bouquets
1763
tweet
1766
per
1766
loop
1769
dna
1772
non-negative
1773
echo
1774
white
1775
tiles
1775
carpets
1775
heaters
1777
getting
1778
fresh
1778
donuts
1778
69
1779
rotating
1780
streak
1781
restricted
1784
roll
1785
lfu
1789
h2o
1794
teemo
1797
attacking
1797
hashmap
1800
mini
1801
descriptions
1803
allocator
1805
soup
1808
servings
1808
cutting
1809
degrees
1811
cheapest
1813
flights
1813
minesweeper
1815
illegal
1820
goods
1820
